101103111000
105105107000
110111102000
101107102000
104112105000
101103114000
102110101000
105105102000
106105108000
102110103000
102103102000
102109104000
108104104000
106123101000
107101102000
102102103000
101107101000
105111101000
104113103000
101101102000
105106103000
104101101000
102110108000
106109110000
105107103000
102110104000
108104105000
108119102000
104112104000
107104102000
104115105000
110106113000
107109107000
103101104000
108107102000
105107104000
106104102000
106108101000
110103102000
107103104000
104104103000
109105103000
110111101000
103103104000
104101108000
102107101000
101103121000
108116101000
106114110000
107110112000
102108102000
107104101000
110101101000
102108104000
109108101000
108121101000
106121106000
106113101000
107109104000
102112103000
106111107000
101105118000
104101109000
109105106000
109101105000
102108103000
110106116000
102114107000
108119103000
108118102000
107101101000
104114101000
106108102000
107101110000
110110101000
108120102000
101103116000
110113101000
101105113000
106121102000
104109104000
101101101000
101105115000
103101103000
104102103000
105106102000
108109104000
107101119000
106114105000
107101112000
108104108000
108111101000
106119101000
107103101000
107101103000
109102106000
106107102000
110107101000
109101113000
106107103000
101103105000
109106104000
106102101000
106105109000
110106101000
107110101000
105108106000
106115102000
107110103000
101105120000
107103106000
104105105000
103101102000
109102107000
109109102000
102107103000
108104107000
107110109000
108106101000
106118105000
106117101000
108119104000
107103112000
104101103000
101105109000
107103111000
101103107000
106103101000
107109103000
101105105000
103103107000
104115102000
106124105000
106102106000
105107109000
110102103000
106102103000
108120104000
106103102000
109102105000
106113106000
108101103000
110106109000
106118101000
102113108000
108108101000
110109103000
110113103000
107101111000
109107102000
109101106000
102109101000
110112104000
107101118000
107101114000
105103104000
108104102000
104101104000
106105101000
110106106000
106104104000
107104106000
105110101000
110106121000
102111108000
110112105000
105110110000
107103107000
106109105000
104112107000
107108101000
105109102000
101105106000
108119101000
107109114000
107101113000
109101102000
106118109000
104109105000
102104104000
105105103000
101101107000
109101111000
106121108000
109101104000
106104109000
106114104000
110112101000
108102110000
106114106000
106116101000
106111109000
106124101000
104106102000
101107112000
102102105000
101107111000
111105101000
107104105000
106102110000
104115103000
105110104000
110106104000
104115104000
109109104000
108104101000
106101103000
108109101000
107110114000
108102111000
106109108000
102111103000
106118110000
106119102000
106114102000
108101105000
110104114000
104103104000
106117109000
102104103000
101105117000
109107106000
107103102000
107109105000
104110104000
104106106000
105102101000
106116102000
105102104000
110106103000
106122101000
110104115000
110109105000
109101116000
106117103000
106121105000
109102101000
106110101000
106110102000
106112103000
110113102000
104110102000
106111104000
104105103000
106112102000
102107102000
105107101000
105103102000
108114105000
109106103000
109106105000
107109108000
107106103000
110108104000
106118103000
110105104000
106113105000
107104107000
106114103000
109105102000
107101116000
106102108000
107104110000
107107105000
101107108000
101101114000
109101109000
106119103000
102114109000
107110113000
110106114000
104103103000
102103107000
109106102000
102105106000
106114108000
104109107000
103101101000
104104104000
108109102000
107109112000
106111110000
108112104000
104109106000
108107104000
106102105000
101103122000
105110109000
105102102000
103103103000
102113101000
108107101000
102112102000
102109103000
108121104000
105110106000
102111101000
104103102000
106121107000
107111102000
104112101000
107101117000
102113103000
104101110000
105102103000
102105101000
110106102000
109109101000
102106104000
110106108000
102111102000
108102102000
106104105000
104115109000
109101101000
110112102000
108114101000
108102107000
104102102000
106115104000
101103126000
104112108000
108102101000
110109102000
104103101000
101103123000
108107107000
107107103000
108102108000
110108103000
104101111000
101105102000
108114104000
104111101000
107105102000
106119104000
101101110000
108115103000
108121103000
106114109000
102103103000
107106102000
110106119000
106121104000
106123105000
108102103000
110104116000
107110104000
106109106000
110103101000
109107104000
104105102000
102110102000
106101101000
101107107000
102114104000
111104103000
106104107000
107104104000
107103105000
104101107000
101105114000
107110106000
108108117000
108107106000
105107107000
101106111000
106119105000
101101105000
105108107000
105107106000
105105109000
106117105000
107109102000
102110107000
103102105000
102111105000
106105110000
107107102000
108113102000
110106117000
106104103000
109106101000
104112102000
105108101000
107101105000
109101112000
105105115000
109105101000
111104102000
106105103000
107109106000
105108105000
101105103000
101106104000
102102106000
101103118000
109104102000
107111103000
107103108000
101101112000
106106101000
110106118000
103103101000
108118104000
102114105000
108102109000
108114102000
101106110000
108102104000
104114102000
108118101000
110112103000
111105105000
107103103000
102113107000
103103105000
104115107000
101106102000
106105107000
108118103000
104107103000
106118102000
104107104000
102102104000
106123106000
107101104000
106107101000
106119107000
107109109000
110108101000
102112101000
102111109000
108104103000
106124104000
102101102000
110106110000
106111102000
107101108000
105110103000
105106101000
106104106000
104105104000
102114101000
105109101000
104106104000
110109106000
109101103000
106102104000
107103109000
108121102000
103102106000
101105121000
109101117000
111105107000
106123103000
104115108000
101103115000
105103101000
101105101000
101101108000
107110110000
106109103000
107109115000
108108116000
102106102000
108101104000
106118108000
109109107000
107110102000
104102104000
109107105000
110106107000
106118111000
108101101000
106118112000
106121103000
102109105000
108114103000
107109116000
106124103000
106111108000
109103102000
101105111000
107101107000
106111105000
101101111000
104109102000
108104106000
102101101000
102102107000
107110107000
107101115000
106120101000
102102102000
110114101000
101106105000
106117108000
106118106000
110106112000
102107104000
104112103000
105105114000
101105119000
103103108000
103102104000
101105110000
109105105000
109101114000
101105122000
108112103000
107101109000
104115106000
101107105000
101101109000
104102101000
104110103000
110109104000
106115101000
101107110000
107101106000
102101103000
110105101000
105105106000
107110105000
107107104000
102113102000
102115102000
108111102000
103103102000
105102105000
109103101000
105102106000
102101104000
104106105000
107109110000
108102105000
108110101000
109102108000
107106101000
109101108000
109109106000
104108105000
111105106000
110106111000
108108103000
110106105000
106114107000
102111107000
108108111000
110105102000
108101106000
106111103000
106105102000
106102102000
106117104000
104109103000
106116103000
104113102000
106113103000
102108105000
110106120000
102114102000
102113109000
106112104000
108115101000
107105103000
105107108000
106118104000
105105105000
108101102000
106111106000
104101106000
104101105000
109101115000
109105104000
104108103000
103103106000
106118107000
110106115000
106112101000
102105102000
101105107000
109102103000
104104101000
108108106000
101107104000
108103101000
105107102000
102105107000
108108118000
104110105000
107110111000
105108104000
111106101000
110109101000
107109101000
106124102000
108109103000
104108102000
109107101000
107110115000
101102107000
107108102000
109102109000
102107105000
101107114000
102105105000
106105106000
107104108000
109109103000
109104101000
112106101000
108101107000
109101107000
111106102000
108117101000
101101113000
105108103000
106101102000
111105102000
109102104000
110101103000
110108102000
101103125000
101101104000
106109104000
104113105000
107104109000
105103103000
107109113000
107109111000
101105108000
101104106000
108119105000
107107101000
106111101000
109107103000
